30
90
28
77
99
46
35
77
94
71
93
39
82
51
56
36
87
72
81
86
30
97
62
82
81
88
36
59
71
95
88
0.8686
0.7748
0.7748
0.8565
0.6105
0.8656
0.7223
0.6109
0.8238
0.6464
0.6432
0.7818
0.6763
0.6972
0.7205
0.7219
0.7159
0.7829
0.6501
0.6564
0.6284
0.6970
0.8309
0.6702
0.8221
0.8078
0.8472
0.8484
0.6880
0.6928
0.7569
0.6976
0.8496
0.8431
0.7671
0.6789
0.8042
0.6701
0.7369
0.7154
0.7616
0.8975
0.8266
0.8941
0.6704
0.7586
0.6154
0.8271
0.7806
0.8572
0.8965
0.8788
0.7229
0.6001
0.7623
0.6623
0.6658
0.6977
0.6288
0.8243
0.8246
0.7630
0.7014
0.8497
0.7658
0.8873
0.8678
0.7070
0.7639
0.7040
0.7868
0.8390
0.8238
0.6377
0.8467
0.6075
0.7243
0.8194
0.8344
0.7102
0.8235
0.8677
0.6728
0.6389
0.6675
0.7050
0.6861
0.8782
0.6154
0.7778
0.6489
0.8515
0.6503
0.7507
0.8998
0.7066
0.6141
0.6641
0.7194
0.7001
0.6689
0.8808
0.8050
0.8886
0.7314
0.8821
0.6018
0.7831
0.8403
0.6699
0.8797
0.8290
0.8479
0.7720
0.8378
0.6987
0.6670
0.6937
0.7754
0.8490
0.6871
0.7208
0.8586
0.7844
0.8974
0.6611
0.8482
0.8028
0.6747
0.7427
0.7197
0.7798
0.8402
0.6315
0.8464
0.8523
0.7064
0.7290
0.7717
0.8102
0.8227
0.8274
0.7167
0.7288
0.8869
0.7719
0.8549
0.6829
0.7867
0.7765
0.8890
0.6258
0.7501
0.7565
0.6270
0.8714
0.8653
0.7317
0.8345
0.6445
0.7859
0.6782
0.7337
0.8532
0.6589
0.6912
0.7450
0.7013
0.8395
0.8962
0.6477
0.6711
0.8107
0.7126
0.8921
0.8917
0.7931
0.8580
0.7206
0.7896
0.8956
0.7678
0.8801
0.8161
0.7452
0.7917
0.8663
0.6596
0.7186
0.8977
0.7207
0.7977
0.8704
0.8986
0.7959
0.6325
0.6108
0.7854
0.7701
0.8886
0.8238
0.7988
0.7570
0.6780
0.8886
0.7621
0.6091
0.8089
0.7559
0.6177
0.8670
0.6991
0.6689
0.6342
0.6933
0.6685
0.7956
0.6198
0.6826
0.6845
0.8640
0.7333
0.8268
0.7810
0.8350
0.6342
0.8936
0.8546
0.6152
0.7399
0.6977
0.7891
0.6691
0.7740
0.7809
0.7800
0.7345
0.6106
0.7541
0.7223
0.6324
0.7380
0.7353
0.7653
0.8416
0.8103
0.8617
0.6157
0.6659
0.7379
0.8876
0.8370
0.7356
0.7000
0.6177
0.8223
0.7520
0.6600
0.7282
0.6506
0.8255
0.7105
0.8825
0.6052
0.8487
0.7880
0.7616
0.7952
0.8180
0.6283
0.8633
0.6043
0.6883
0.6540
0.8779
0.6205
0.7743
0.7911
0.7954
0.8594
0.6168
0.8451
0.7587
0.8083
0.6637
0.7630
0.8108
0.8869
0.7334
0.6256
0.6172
0.7888
0.8389
0.8074
0.7036
0.8840
0.7561
0.8861
0.6221
0.6621
0.8325
0.8743
0.8348
0.6887
0.6456
0.8544
0.8355
0.6812
0.6683
0.6963
0.8489
0.8467
0.7712
0.7715
0.6858
0.8097
0.8389
0.7325
0.7339
0.7397
0.6837
0.8026
0.8711
0.8726
0.8242
0.6782
0.8069
0.6395
0.6371
0.6573
0.6437
0.7755
0.6220
0.8467
0.8169
0.8778
0.7478
0.7965
0.8670
0.7616
0.6847
0.8928
0.6109
0.6979
0.8919
0.7095
0.6927
0.6363
0.8747
0.6406
0.6996
0.8692
0.7499
0.7846
0.7749
0.8095
0.6088
0.7584
0.6096
0.8481
0.7020
0.8540
0.6738
0.7744
0.8813
0.6143
0.6162
0.6062
0.8044
0.7796
0.6342
0.8389
0.7854
0.6211
0.6208
0.6408
0.8367
0.6277
0.6714
0.6731
0.6314
0.8575
0.8095
0.8201
0.7952
0.7549
0.6979
0.7985
0.6353
0.6443
0.6059
0.8893
0.8911
0.6372
0.7402
0.7970
0.6871
0.8264
0.7674
0.7283
0.6802
0.8261
0.8695
0.8185
0.7220
0.8815
0.6766
0.7599
0.8864
0.6803
0.6750
0.8783
0.6206
0.6898
0.7775
0.6610
0.7908
0.8395
0.7505
0.7952
0.8388
0.6700
0.7803
0.6337
0.7547
0.8514
0.8762
0.7495
0.6833
0.7958
0.8752
0.7530
0.8923
0.6592
0.6334
0.6892
0.7189
0.7262
0.6934
0.8082
0.6276
0.7206
0.6886
0.6919
0.6317
0.7781
0.6848
0.6466
0.6002
0.6851
0.7652
0.8613
0.6127
0.8714
0.6393
0.8501
0.8401
0.8754
0.6412
0.7514
0.7215
0.6521
0.7726
0.7819
0.6643
0.7560
0.8968
0.7470
0.8085
0.7234
0.6104
0.6878
0.8404
0.7040
0.6250
0.7533
0.7101
0.8218
0.7574
0.8414
0.8451
0.6568
0.6371
0.8463
0.7914
0.6048
0.8688
0.7546
0.7634
0.7819
0.8281
0.8566
0.7149
0.6254
0.8202
0.6996
0.8519
0.7115
0.8485
0.6530
0.6389
0.8640
0.6132
0.8060
0.8201
0.7312
0.7140
0.8939
0.7197
0.7321
0.6470
0.6978
0.6942
0.8684
0.6741
0.6932
0.7227
0.8124
0.6431
0.8614
0.6249
0.7385
0.6091
0.8260
0.8100
0.6644
0.8040
0.7672
0.8552
0.7676
0.8705
0.7259
0.7074
0.7467
0.6768
0.8788
0.7400
0.6762
0.7294
0.8108
0.7207
0.6546
0.8569
0.7753
0.7121
0.6665
0.6657
0.7567
0.7300
0.8224
0.6211
0.8542
0.8040
0.6410
0.8575
0.6600
0.7822
0.7629
0.6487
0.6017
0.8314
0.8294
0.7263
0.6170
0.7757
0.6522
0.8186
0.7603
0.6759
0.8751
0.8275
0.8661
0.6206
0.6551
0.8211
0.8090
0.8331
0.7506
0.7276
0.7834
0.8567
0.8012
0.7571
0.6896
0.8112
0.7145
0.7703
0.8664
0.8529
0.8696
0.8817
0.8446
0.6004
0.6009
0.6262
0.6782
0.6068
0.7272
0.7023
0.7624
0.8779
0.6895
0.7014
0.8578
0.7021
0.6414
0.7523
0.8570
0.7153
0.8087
0.7884
0.7351
0.7421
0.8849
0.6250
0.6839
0.7341
0.7763
0.8633
0.7407
0.7312
0.8239
0.7404
0.8582
0.7400
0.7494
0.7462
0.6688
0.6257
0.6202
0.8665
0.6700
0.8585
0.8135
0.8618
0.8814
0.6419
0.7182
0.8942
0.7934
0.8689
0.7447
0.6042
0.7869
0.6693
0.7582
0.8175
0.7822
0.7765
0.7300
0.6733
0.7287
0.6031
0.7826
0.8874
0.6286
0.6107
0.8659
0.6741
0.6027
0.8445
0.6421
0.8640
0.6286
0.7058
0.7780
0.7756
0.8003
0.7944
0.7300
0.6419
0.8256
0.6725
0.7951
0.8572
0.6253
0.8916
0.6094
0.8506
0.8507
0.6150
0.7638
0.8830
0.6964
0.8419
0.7804
0.8369
0.8398
0.6149
0.6850
0.7960
0.7469
0.8919
0.8245
0.7704
0.6897
0.6768
0.8660
0.7340
0.8448
0.6295
0.8579
0.6083
0.8697
0.8700
0.7572
0.6361
0.6533
0.8118
0.8494
0.6105
0.8274
0.8871
0.7029
0.7915
0.7029
0.6649
0.8359
0.8169
0.6837
0.7747
0.7263
0.6276
0.6072
0.7473
0.6835
0.7019
0.6862
0.6513
0.7198
0.8093
0.6611
0.7999
0.7329
0.7300
0.6526
0.6580
0.7849
0.6807
0.7679
0.8834
0.8143
0.8038
0.8878
0.8326
0.7823
0.8844
0.6179
0.6806
0.8960
0.8317
0.7426
0.8043
0.7251
0.7140
0.6640
0.7149
0.6089
0.7417
0.7000
0.8928
0.7666
0.8539
0.7224
0.7386
0.8479
0.8974
0.7572
0.8776
0.8217
0.7702
0.8906
0.8473
0.8879
0.7939
0.7139
0.7430
0.8736
0.6045
0.6470
0.7415
0.7629
0.6179
0.7974
0.8669
0.6329
0.7313
0.6841
0.8956
0.7826
0.6761
0.6398
0.7635
0.8483
0.8511
0.8500
0.6611
0.7633
0.8625
0.6363
0.8569
0.8699
0.6654
0.6231
0.7423
0.8505
0.7408
0.7241
0.7508
0.6376
0.6397
0.8611
0.7809
0.6796
0.8594
0.6174
0.7373
0.8167
0.7017
0.7204
0.7581
0.8683
0.8335
0.6208
0.6836
0.7138
0.8594
0.7260
0.6720
0.7793
0.7438
0.8696
0.8804
0.8454
0.8127
0.8230
0.8699
0.6196
0.7008
0.6013
0.8484
0.7522
0.7098
0.6680
0.7604
0.6868
0.6205
0.6255
0.6205
0.7229
0.6370
0.7329
0.8697
0.7061
0.6361
0.7707
0.8625
0.7046
0.6126
0.6427
0.6230
0.8222
0.7370
0.8005
0.8098
0.7714
0.7886
0.8633
0.7987
0.8626
0.7403
0.6424
0.6204
0.8143
0.6924
0.8013
0.7957
0.7593
0.8145
0.7514
0.7464
0.7494
0.8808
0.7168
0.6351
0.6721
0.8055
0.8518
0.8910
0.6646
0.8281
0.7752
0.7209
0.7530
0.7487
0.7954
0.8231
0.6906
0.6269
0.8478
