40
54
83
38
33
93
91
100
90
27
66
100
63
91
30
100
95
67
57
50
79
26
53
95
66
61
62
48
97
99
64
100
59
57
41
39
88
80
65
88
63
0.7656
0.6640
0.7763
0.6428
0.6157
0.8050
0.7826
0.6659
0.7219
0.7890
0.7666
0.6383
0.6508
0.6003
0.7254
0.7465
0.6480
0.8001
0.6054
0.6359
0.8856
0.8928
0.6093
0.7482
0.8588
0.6729
0.8503
0.8441
0.7887
0.6007
0.7139
0.8713
0.8041
0.7136
0.7896
0.6730
0.7714
0.8945
0.8549
0.6850
0.8047
0.7074
0.8961
0.6252
0.6751
0.8434
0.6253
0.7594
0.8402
0.8216
0.6425
0.7314
0.7051
0.7435
0.7762
0.6437
0.8716
0.7921
0.6489
0.7698
0.8795
0.8349
0.8057
0.7399
0.6781
0.7708
0.6746
0.6958
0.8732
0.8656
0.8384
0.8777
0.6537
0.7553
0.7881
0.8740
0.7992
0.7168
0.8220
0.8453
0.7801
0.6255
0.8767
0.6161
0.7581
0.6357
0.7140
0.8438
0.6732
0.8653
0.8138
0.7134
0.6747
0.6759
0.8302
0.6150
0.8056
0.7861
0.8240
0.8932
0.7152
0.6781
0.8632
0.8418
0.7383
0.6273
0.7693
0.6562
0.7595
0.7065
0.6944
0.8180
0.7547
0.8372
0.6613
0.8034
0.6157
0.8404
0.8036
0.8838
0.6275
0.8725
0.7530
0.7845
0.6948
0.6232
0.8552
0.6434
0.7111
0.7867
0.8993
0.7552
0.8972
0.6680
0.7194
0.8090
0.6194
0.8243
0.7261
0.8434
0.7139
0.6957
0.8958
0.8155
0.7240
0.6296
0.8204
0.7912
0.6222
0.6362
0.8945
0.7490
0.6067
0.6161
0.6423
0.8680
0.7397
0.7683
0.7483
0.6203
0.8693
0.6866
0.6807
0.7783
0.7428
0.7105
0.7967
0.8815
0.7861
0.6849
0.6616
0.7317
0.6082
0.8629
0.7830
0.6611
0.7560
0.6161
0.8587
0.7329
0.7644
0.7701
0.8041
0.7114
0.6235
0.7369
0.6144
0.8215
0.6114
0.8863
0.8227
0.8812
0.7540
0.6723
0.6780
0.8277
0.8980
0.7070
0.8259
0.6330
0.7791
0.7292
0.8192
0.6784
0.6284
0.7353
0.7920
0.6396
0.7358
0.7957
0.8481
0.6924
0.7207
0.8653
0.8102
0.6726
0.8279
0.6873
0.6832
0.6018
0.7124
0.7311
0.6913
0.6873
0.6728
0.8810
0.8581
0.7192
0.7438
0.7695
0.7469
0.6809
0.8969
0.6551
0.8585
0.6098
0.6996
0.8246
0.7933
0.6508
0.8857
0.7630
0.6754
0.7736
0.8746
0.8687
0.7448
0.7328
0.6935
0.6166
0.8261
0.6396
0.7068
0.7188
0.8657
0.6064
0.8532
0.6864
0.6751
0.7465
0.8187
0.6608
0.6649
0.8929
0.7780
0.6913
0.8903
0.8688
0.6570
0.6005
0.8135
0.8603
0.6355
0.6117
0.7795
0.7813
0.7549
0.6023
0.8067
0.8838
0.8621
0.6340
0.7064
0.6726
0.7681
0.7838
0.6902
0.8394
0.8387
0.8343
0.7053
0.6163
0.8126
0.8979
0.6487
0.6341
0.8739
0.7445
0.8555
0.8430
0.6560
0.6742
0.6163
0.7827
0.8332
0.7533
0.6083
0.8971
0.7503
0.6996
0.6522
0.7877
0.7725
0.8253
0.6461
0.7070
0.6432
0.8552
0.7014
0.6826
0.6018
0.8406
0.7492
0.7614
0.8613
0.8169
0.8004
0.6536
0.7651
0.8880
0.7788
0.8426
0.8954
0.8658
0.6642
0.6104
0.7353
0.6041
0.7421
0.8854
0.6747
0.7159
0.7294
0.8493
0.8474
0.7359
0.7142
0.8778
0.8223
0.8213
0.8841
0.7530
0.8376
0.7357
0.8548
0.7171
0.8215
0.8929
0.7570
0.7290
0.6621
0.6970
0.6333
0.7126
0.6990
0.7026
0.8451
0.7595
0.7563
0.8323
0.6361
0.7876
0.7040
0.7004
0.7724
0.8592
0.6596
0.8017
0.8705
0.6597
0.6895
0.7490
0.8670
0.7504
0.6831
0.7602
0.7723
0.7238
0.6044
0.8108
0.7520
0.7144
0.6195
0.7076
0.6703
0.6611
0.8441
0.7180
0.6161
0.7125
0.8325
0.6496
0.8737
0.6958
0.6989
0.6613
0.8302
0.6210
0.8850
0.6475
0.6859
0.8061
0.6423
0.7536
0.8164
0.8787
0.8196
0.8250
0.7222
0.6718
0.7563
0.6657
0.8527
0.7989
0.8449
0.8382
0.7407
0.6929
0.8063
0.8961
0.8310
0.8489
0.8118
0.7786
0.8259
0.7490
0.8595
0.6204
0.8906
0.6296
0.7641
0.7209
0.6321
0.8172
0.7841
0.8349
0.7700
0.8434
0.7730
0.8832
0.8614
0.7523
0.8366
0.7419
0.8486
0.6967
0.8928
0.6835
0.6218
0.8254
0.8494
0.8767
0.6981
0.8412
0.7615
0.7390
0.8462
0.8856
0.6229
0.8126
0.6705
0.7197
0.6804
0.8498
0.8986
0.7949
0.8112
0.8797
0.8063
0.7705
0.7143
0.7904
0.7090
0.7223
0.7106
0.7405
0.7510
0.8732
0.6619
0.7016
0.7722
0.7461
0.6787
0.7739
0.8635
0.6183
0.7323
0.6253
0.7690
0.7618
0.8304
0.6699
0.7762
0.7377
0.8583
0.7983
0.7062
0.7042
0.6761
0.8858
0.6895
0.6475
0.7084
0.8225
0.8118
0.8103
0.6019
0.7123
0.8704
0.6955
0.7791
0.6893
0.6375
0.7165
0.8453
0.8944
0.8586
0.6251
0.7013
0.6708
0.6953
0.8953
0.7645
0.8248
0.8526
0.6501
0.8709
0.6315
0.8235
0.8188
0.8152
0.6400
0.7337
0.7526
0.7591
0.8579
0.8033
0.8418
0.7594
0.8868
0.6200
0.7625
0.6845
0.7443
0.8055
0.6625
0.7824
0.6979
0.8643
0.6400
0.6307
0.8877
0.6459
0.6458
0.6467
0.6269
0.7363
0.8007
0.8494
0.8371
0.8138
0.7418
0.8126
0.8874
0.7517
0.6915
0.8369
0.6709
0.6703
0.7394
0.7858
0.7846
0.6368
0.6371
0.6853
0.8207
0.7234
0.8487
0.8805
0.7197
0.6157
0.7714
0.8243
0.6961
0.7479
0.6665
0.8818
0.7447
0.7620
0.6663
0.6288
0.6180
0.8459
0.8314
0.6587
0.8685
0.8053
0.7971
0.8971
0.6101
0.7273
0.7470
0.7751
0.6250
0.7980
0.6157
0.7670
0.8136
0.7464
0.7853
0.6641
0.7937
0.7142
0.6311
0.7133
0.6789
0.6724
0.7869
0.7569
0.7240
0.6653
0.8576
0.8583
0.6852
0.7846
0.8338
0.8865
0.8759
0.7154
0.6488
0.8390
0.6341
0.6476
0.7067
0.8543
0.7748
0.7759
0.8778
0.7725
0.6030
0.8428
0.7826
0.7440
0.6805
0.6774
0.7443
0.6682
0.6146
0.6508
0.6775
0.6594
0.7817
0.8471
0.8432
0.8407
0.8124
0.8578
0.8343
0.6611
0.8980
0.6281
0.7952
0.6646
0.6732
0.7019
0.6594
0.7521
0.8852
0.7184
0.7753
0.7820
0.8144
0.7205
0.8576
0.8761
0.8253
0.6857
0.8390
0.6428
0.7514
0.7832
0.8111
0.7150
0.8186
0.8662
0.6168
0.6415
0.8589
0.7265
0.7234
0.8877
0.8251
0.8943
0.6701
0.6289
0.7154
0.7501
0.7711
0.8930
0.7479
0.7203
0.8985
0.6783
0.7996
0.8893
0.8013
0.6898
0.7593
0.6004
0.8651
0.7213
0.6904
0.8852
0.7382
0.6863
0.6254
0.7747
0.6459
0.6219
0.7742
0.6861
0.7086
0.8174
0.8575
0.7044
0.8885
0.8861
0.6618
0.8305
0.7847
0.8757
0.7808
0.8106
0.8231
0.7155
0.6755
0.6110
0.7416
0.7935
0.6837
0.7554
0.6737
0.6893
0.7951
0.8674
0.8583
0.6630
0.7197
0.8664
0.6770
0.8900
0.7857
0.6496
0.8479
0.7967
0.7639
0.6754
0.6120
0.6700
0.7083
0.7900
0.8958
0.6621
0.8271
0.8659
0.7417
0.6477
0.8433
0.7430
0.6349
0.8627
0.7906
0.6292
0.8725
0.6105
0.6119
0.8966
0.8059
0.7130
0.7513
0.8290
0.6147
0.8178
0.8104
0.7377
0.7747
0.7017
0.6512
0.7198
0.8759
0.6678
0.7083
0.6974
0.6251
0.7538
0.8499
0.8714
0.8171
0.7149
0.6894
0.8075
0.8641
0.8774
0.6244
0.7448
0.6385
0.6759
0.8652
0.6589
0.6364
0.7631
0.6944
0.7146
0.8375
0.8518
0.8041
0.7251
0.7929
0.6642
0.7852
0.8026
0.7803
0.7039
0.7093
0.6514
0.8386
0.7478
0.7064
0.8325
0.6710
0.8535
0.8450
0.8539
0.7111
0.7150
0.8584
0.7392
0.7712
0.8086
0.8883
0.7639
0.7910
0.7713
0.8781
0.8591
0.6510
0.6536
0.6731
0.8255
0.6597
0.8949
0.8129
0.6526
0.8575
0.8728
0.8885
0.7712
0.7689
0.6530
0.7541
0.7645
0.6496
0.7482
0.7605
0.6596
0.7870
0.6079
0.6956
0.7599
0.6980
0.7807
0.7086
0.6405
0.8741
0.7922
0.7976
0.8026
0.8234
0.8527
0.7550
0.6456
0.7142
0.8463
0.6514
0.6990
0.8899
0.8419
0.6667
0.8999
0.6191
0.7276
0.7213
0.7201
0.6336
0.7273
0.7841
0.8964
0.6660
0.7062
0.6799
0.6874
0.6565
0.6069
0.7348
0.6731
0.8606
0.7586
0.8742
0.8922
0.7756
0.6357
0.8780
0.7781
0.8651
0.7273
0.7822
0.6212
0.8774
0.7926
0.6313
0.8101
0.7187
0.6255
0.6643
0.6746
0.6680
0.8109
0.8262
0.7642
0.7660
0.7892
0.8956
0.7903
0.7801
0.8728
0.7713
0.7006
0.8871
0.7320
0.7805
0.8161
0.8036
0.6638
0.6245
0.6823
0.8603
0.7678
0.7394
0.7291
0.8322
0.7962
0.7973
0.6483
0.7297
0.7515
0.7126
0.7441
0.7027
0.8331
0.7152
0.8135
0.7443
0.8188
0.8813
0.7552
0.8709
0.6655
0.8620
0.6248
0.7396
0.6066
0.8425
0.6538
0.6496
0.6545
0.8074
0.6641
0.6894
0.8305
0.7503
0.8728
0.6174
0.7310
0.7717
0.7695
0.8471
0.6378
0.6900
0.6006
0.8853
0.8299
0.8254
0.6417
0.7048
0.6454
0.7490
0.8426
0.7899
0.8065
0.7919
0.8188
0.8580
0.7881
0.6542
0.7720
0.6491
0.8718
0.6232
0.7016
0.7742
0.7426
0.8416
0.7592
0.6682
0.8128
0.6446
0.7974
0.7902
0.6688
0.6547
0.6499
0.6449
0.6608
0.8865
0.6048
0.8873
0.6077
0.8913
0.6893
0.7575
0.8587
0.8689
0.6567
0.7982
0.8824
0.8927
0.6324
0.6537
0.8240
0.6148
0.6214
0.7467
0.8550
0.8991
0.6013
0.7628
0.8584
0.8727
0.8536
0.8637
0.8239
0.6352
0.7527
0.6506
0.8493
0.8784
0.6508
0.8651
0.7164
0.7148
0.6814
0.8604
0.8225
0.7344
0.8129
0.8833
0.6522
0.6734
0.7923
0.8426
0.8560
0.7194
0.6346
0.6241
0.7081
0.8487
0.6644
0.8373
0.7964
0.6078
0.8357
0.8768
0.7477
0.8502
0.6394
0.8279
0.8777
0.8498
0.6778
0.6639
0.7567
0.7192
0.7437
0.8982
0.7813
0.8835
0.7471
0.7314
0.8318
0.8232
0.7329
0.6159
0.6263
0.8394
0.7967
0.6097
0.7671
0.8159
0.6331
0.6650
0.8433
0.6416
0.8646
0.8771
0.6038
0.7131
0.6503
0.7621
0.6305
0.6118
0.8800
0.8915
0.7083
0.7933
0.6204
0.6624
0.6119
0.7408
0.6450
0.8974
0.7281
0.8866
0.8173
0.7743
0.7621
0.8116
0.6015
0.8348
0.8781
0.6025
0.8474
0.8302
0.8991
0.6683
0.8759
0.7926
0.6316
0.6804
0.8292
0.8417
0.6313
0.7409
0.6657
0.8768
0.6961
0.8573
0.6780
0.8634
0.6565
0.8278
0.6095
0.7927
0.7701
0.7129
0.6638
0.8376
0.6436
0.7467
0.6039
0.6560
0.7456
0.8515
0.6423
0.8197
0.8073
0.6103
0.7467
0.8914
0.6337
0.8230
0.7916
0.7783
0.7496
0.7704
0.7280
0.6229
0.6872
0.7684
0.7900
0.8792
0.8933
0.6281
0.7985
0.7808
0.7421
0.7069
0.7427
0.8013
0.8879
0.6267
0.8393
0.7772
0.8737
0.6303
0.6880
0.6155
0.7512
0.8305
0.6849
0.6676
0.6994
0.7360
0.8212
0.7530
0.7148
0.8716
0.8896
0.7885
0.6396
0.7855
0.7149
0.8974
0.6860
0.8119
0.7606
0.6580
0.8068
0.6151
0.6553
0.6137
0.8655
0.8519
0.6354
0.7231
0.6361
0.7716
0.8848
0.6769
0.8970
0.7049
0.6626
0.7997
0.8920
0.7868
0.6191
0.7121
0.6499
0.6694
0.6157
0.8705
0.8380
0.7119
0.8496
0.8262
0.7866
0.7182
0.7078
0.6267
0.7025
0.7646
0.7382
0.7936
0.7541
0.8443
0.6292
0.7391
0.7769
0.6562
0.7834
0.6156
0.7727
0.8527
0.7499
0.7317
0.6447
0.6085
0.8270
0.8388
0.6881
0.6346
0.7125
0.8487
0.8525
0.7996
0.8880
0.8829
0.6338
0.7945
0.7442
0.6200
0.8693
0.7492
0.8314
0.6181
0.6787
0.7953
0.6401
0.7916
0.7155
0.8297
0.7959
0.7144
0.6900
0.7020
0.8757
0.7369
0.7327
0.7363
0.8836
0.6657
0.8647
0.6060
0.7025
0.8298
0.7028
0.7856
0.7359
0.6030
0.7797
0.7805
0.7948
0.7028
0.7480
0.8105
0.8663
0.6165
0.6295
0.7949
0.8292
0.8964
0.6376
0.7093
0.8029
0.7127
0.8590
0.6876
0.6400
0.8018
0.6608
0.8606
0.8253
0.7258
0.6001
0.6448
0.6822
0.8617
0.7804
0.6964
0.6853
0.7306
0.8711
0.8775
0.7516
0.7883
0.8158
0.6072
0.7725
0.6140
0.7268
0.7403
0.6068
0.6195
0.8772
0.7602
0.7100
0.7092
0.6454
0.6449
0.7052
0.7008
0.8352
0.7460
0.7394
0.6394
0.8659
0.8024
0.8505
0.7969
0.8952
0.8939
0.6750
0.7874
0.8185
0.7495
0.8549
0.6573
0.6372
0.6008
0.6459
0.7602
0.7532
0.7156
0.6932
0.6011
0.8446
0.7915
0.7345
0.6732
0.8410
0.8472
0.8557
0.7402
0.8912
0.8524
0.6236
0.6713
0.8453
0.7217
0.7399
0.8855
0.8895
0.8296
0.7724
0.8748
0.7486
0.6498
0.6978
0.6889
0.7675
0.6202
0.6207
0.6500
0.8842
0.8433
0.8131
0.8911
0.8995
0.8962
0.6450
0.8875
0.7591
0.6222
0.6935
0.8686
0.8504
0.6007
0.7921
0.8410
0.6735
0.6192
0.6789
0.6308
0.7451
0.7257
0.7144
0.8660
0.7262
0.6852
0.6145
0.6657
0.6718
0.6088
0.8107
0.6023
0.7833
0.7224
0.6747
0.7957
0.6961
0.6311
0.7607
0.6495
0.8650
0.7999
0.8543
0.8288
0.8421
0.7899
0.8131
0.8066
0.6963
0.7595
0.8620
0.6164
0.7501
0.7298
0.8713
0.7891
0.8949
0.7756
0.8522
0.7406
0.7636
0.6537
0.7903
0.8889
0.7602
0.7439
0.8381
0.6278
0.8642
0.6012
0.7535
0.8035
0.7697
0.7435
0.6962
0.7805
0.8739
0.8048
0.8840
0.6297
0.7533
0.6330
0.7636
0.8066
0.6442
0.8333
0.7197
0.8695
0.6921
0.6183
0.6658
0.6248
0.8851
0.6049
0.6344
0.6037
0.6649
0.6034
0.7927
0.7551
0.6737
0.6581
0.6273
0.7105
0.6023
0.7808
0.7437
0.6924
0.8233
0.8518
0.6787
0.7543
0.7340
0.7024
0.8517
0.8947
0.7879
0.6544
0.6369
0.7740
0.6986
0.6805
0.7651
0.6542
0.8035
0.6167
0.6102
0.6860
0.6232
0.8702
0.8540
0.7187
0.6508
0.7291
0.7249
0.8186
0.7219
0.8855
0.8736
0.8854
0.7038
0.6871
0.8660
0.6630
0.6393
0.7562
0.8716
0.7208
0.6647
0.6236
0.8799
0.7809
0.7132
0.7995
0.8377
0.7000
0.8078
0.6611
0.8876
0.8135
0.6501
0.7328
0.7899
0.8790
0.7588
0.7879
0.8042
0.8770
