36329843249118863993754932819093
96235923493168071011849364138
1264626880045617382017789263333
409683007808451728603929986814
545268810895563198427124762830
1244549138313480891246277025400
452264433883645433261546557803
1085819614255126774721449275710
1070844939377539397421533998797
910111367347773854704645304240
1091071541883407100417703684442
999498145057670371296038780443
999255273218176432712272690720
408466271643477964435800526574
943059211110594838338403036595
437000262629443829263753144882
356048713049534469931083929545
383868439060702591137666371130
315726562550061091033889963215
932274779627769337821152189837
85527157257640360251101200267
257329635180642083934025659008
1245416769521317364334485120859
15573179321631834424330862295
1211111054681671277029092445842
393878403755886901643307607015
643798915632078747870353054283
24631007619017990408342878654
235555298020526566195498275068
446550947662166988288163024279
1050330673348869930907591507161
669461273763474862718040467665
922807162324005344536514234320
77737743697562138528600582270
821082653517964490962308863233
55962818958796620808985966823
999453023429687002347473979121
585398126032921107449183950517
463023222122632432383381039319
194977737346601088765334065027
586253369084073579704917351206
915923528366127060110207336330
262083061321676011856708066802
1028713159256368687455183448696
1062314315100763089432571102469
581525355126528098357822326112
130046881778493668856496365949
368936305605865849781612801829
851599369860380324287779402356
410743625345246725387637424679
1206665441803037323756401055639
350021337580685674426404895397
487070004905736617942869023594
1151646606231059149178174799523
370253735015762088120666401488
1085775460787034801904911887067
416350373769214300970973043480
789221779568657940070534258674
268427670557637862579306605936
1117012175479383326423643058425
729999872426609979286590251054
1194158987048325655928904565512
1010780039662216285764103044017
755781044543931586641998163045
746510718887109260170951683261
697398023045543053951946668318
1105568914805909340349330235158
373885020245383964435150793980
828993890716743692300079641833
557324258073128208700500261702
870713879424151984186217684250
797754756810447861221915965648
968098376542925585132484397530
600747937008217180152940623370
680719218658098965493069531504
853997744762914730785712252821
711393302835038419090304477520
392354566056515277397312541979
372886522869658541094706242596
1094148834238847817404535164061
1260009440359004515466387610125
856108942099391223874000710979
603790927748601607506709171578
103341235478013996318567135921
1080981781670849188366661615871
875659306684918726960156835708
785522198109344745091946071432
889919626883820034462465817961
681116901138738252382615735422
674195986437348244333007961299
344821927659740521065855704130
295803397739504511968045209353
388885536672460243747800404813
316420911448926451196632570701
1036641293539401314276903483226
773156977045006596772572655842
518027243218972087673401862127
123466263682046382330604654274
868262168218651776914051733576
89693910974280438154085077927
229561536833149152467704002430
