10
86
93
34
94
73
32
46
66
97
98
0.7967
0.6107
0.8547
0.8802
0.8036
0.8273
0.8229
0.7177
0.7966
0.6514
0.8118
0.6095
0.6831
0.6139
0.6291
0.8470
0.8084
0.6951
0.8851
0.6103
0.7316
0.7145
0.8297
0.8386
0.6561
0.7469
0.7337
0.7939
0.8128
0.8264
0.6828
0.8039
0.7965
0.6488
0.6357
0.7495
0.8879
0.7021
0.7756
0.6671
0.8254
0.6765
0.7518
0.8097
0.8673
0.8878
0.7642
0.6416
0.6448
0.6773
0.8522
0.6763
0.8443
0.6731
0.8788
0.7050
0.6590
0.6753
0.7848
0.7420
0.7055
0.8492
0.7756
0.7649
0.8752
0.6858
0.8272
0.8261
0.7141
0.7703
0.6228
0.6162
0.7592
0.8338
0.8802
0.6390
0.7706
0.7408
0.6036
0.7011
0.6487
0.8383
0.6934
0.7586
0.6497
0.7806
0.6789
0.7962
0.8068
0.8244
0.7352
0.6251
0.6687
0.8740
0.6457
0.8477
0.7615
0.8988
0.6235
0.7328
