20
51
36
69
44
28
82
43
58
77
52
80
54
76
78
58
26
50
57
45
39
0.8465
0.7290
0.8663
0.7174
0.8307
0.7190
0.8426
0.8265
0.7132
0.6648
0.8371
0.8848
0.6983
0.8014
0.7316
0.8501
0.8307
0.6502
0.8586
0.8970
0.7543
0.8653
0.7764
0.6464
0.6600
0.7221
0.8246
0.8477
0.8370
0.6956
0.7602
0.6270
0.6335
0.6409
0.8036
0.7486
0.6569
0.7485
0.6443
0.6165
0.8552
0.7682
0.8789
0.8090
0.7748
0.8446
0.8637
0.8967
0.6002
0.8596
0.7838
0.8970
0.7583
0.7439
0.8404
0.6684
0.7494
0.8703
0.7724
0.8536
0.8216
0.7758
0.6740
0.7999
0.6250
0.7878
0.7983
0.8189
0.8672
0.8947
0.8307
0.7744
0.8785
0.7740
0.6051
0.6363
0.8588
0.7453
0.8535
0.6628
0.7657
0.7890
0.6096
0.7844
0.7087
0.6149
0.7469
0.6578
0.6369
0.6616
0.6440
0.6567
0.6128
0.7906
0.6846
0.7616
0.8085
0.7497
0.7607
0.7336
0.6372
0.7471
0.8559
0.8622
0.6811
0.6625
0.7695
0.7921
0.7251
0.6618
0.8844
0.6246
0.6317
0.6426
0.6499
0.7863
0.7721
0.6156
0.8794
0.8186
0.8214
0.6190
0.8581
0.8803
0.8953
0.8577
0.8357
0.7540
0.6533
0.7196
0.6402
0.6093
0.8817
0.6904
0.6887
0.6999
0.7401
0.7945
0.6076
0.8527
0.7677
0.8562
0.7044
0.7338
0.6163
0.6531
0.7988
0.6992
0.8695
0.6354
0.8965
0.7620
0.8121
0.8998
0.6864
0.7244
0.7395
0.8292
0.8455
0.6301
0.6534
0.7079
0.6170
0.7566
0.7008
0.6527
0.6627
0.8715
0.8026
0.7405
0.8736
0.6312
0.8237
0.8209
0.7686
0.6553
0.7792
0.6900
0.6402
0.6638
0.8685
0.6214
0.6727
0.6161
0.7325
0.6040
0.8692
0.6590
0.6280
0.6922
0.7368
0.6305
0.8986
0.6996
0.6892
0.6186
0.6895
0.6139
0.7516
0.8284
0.7893
0.6270
0.6243
0.8332
0.8715
0.7601
0.6327
0.8477
0.7014
0.6882
0.8239
0.6031
0.6145
0.8004
0.7810
0.7578
0.8189
0.8122
0.8344
0.6864
0.8078
0.7670
0.7190
0.6185
0.8341
0.7013
0.7824
0.8224
0.6314
0.6384
0.7649
0.7456
0.8671
0.8397
0.8203
0.6154
0.6219
0.6266
0.8395
0.8829
0.8051
0.6396
0.8168
0.6331
0.6352
0.7922
0.6986
0.7961
0.8247
0.7750
0.8220
0.6704
0.8205
0.8912
0.8601
0.6259
0.7099
0.7108
0.8055
0.7794
0.8368
0.7103
0.6618
0.6260
0.8316
0.6617
0.7165
0.7655
0.6687
0.7926
0.7453
0.6456
0.8346
0.6302
0.6882
0.6712
0.7593
0.6274
0.7216
0.6315
0.6337
0.8353
0.6875
0.7811
0.8893
0.7297
0.8084
0.8274
0.7298
0.7966
0.6329
0.8801
0.6562
0.6799
0.8393
0.7463
0.8307
0.7188
0.6819
0.6112
0.8020
0.7289
0.7355
0.7830
0.6178
0.6947
0.8318
0.8089
0.6376
0.6390
0.6277
0.6023
0.7269
0.7967
0.8169
0.7594
0.6326
0.7895
0.6379
0.6403
0.6296
0.6426
0.6505
0.6589
0.6952
0.6949
0.6653
0.6753
0.8679
0.8110
0.7667
0.6553
0.6636
0.6232
0.8741
0.8120
0.7673
0.6940
0.6499
0.7867
0.8964
0.6511
0.6773
0.7190
0.6222
0.8052
0.7207
0.8949
0.7207
0.7862
0.6463
0.7144
0.6483
0.8274
0.8613
0.7052
0.8057
0.6882
0.7592
0.8497
0.7792
0.7006
0.6898
0.7358
0.7268
0.7079
0.7675
0.8228
0.7273
0.7288
0.6375
0.6073
0.6871
0.6953
0.7961
0.8871
0.8807
0.7374
0.6721
0.8292
0.8278
0.8222
0.8231
0.6318
0.8045
0.7390
0.6636
0.6296
0.8471
0.6525
0.6491
0.7998
0.8683
0.7550
0.8108
0.6461
0.8860
0.7623
0.8039
0.6110
