50
36
55
48
77
92
62
86
49
66
54
93
76
87
33
46
83
41
27
58
96
44
68
52
27
63
87
44
28
43
75
50
75
25
79
54
27
55
79
95
99
99
93
90
85
67
56
34
74
90
45
0.8520
0.6212
0.7136
0.6805
0.6459
0.7893
0.6949
0.8877
0.7496
0.8216
0.6038
0.7816
0.7729
0.8422
0.7965
0.8635
0.8707
0.6457
0.6578
0.8373
0.6182
0.7169
0.6900
0.8203
0.6313
0.8378
0.8348
0.7597
0.6760
0.6213
0.7877
0.6074
0.6186
0.6389
0.7352
0.8017
0.8568
0.7495
0.6146
0.6941
0.7925
0.8359
0.6867
0.7494
0.8455
0.7785
0.7609
0.6993
0.7235
0.8382
0.7030
0.7388
0.7103
0.8039
0.7703
0.7955
0.7473
0.7195
0.7432
0.6200
0.7233
0.8907
0.8342
0.8187
0.8297
0.8270
0.8530
0.8310
0.8936
0.6334
0.7188
0.7476
0.6774
0.6111
0.8923
0.8179
0.6444
0.6444
0.8114
0.7143
0.6229
0.7233
0.6429
0.8397
0.8791
0.6014
0.7950
0.8036
0.6761
0.8530
0.6882
0.6081
0.6280
0.8394
0.8134
0.8350
0.7872
0.8476
0.6105
0.7216
0.6749
0.7443
0.8643
0.6842
0.7797
0.6079
0.6466
0.8502
0.6585
0.8489
0.7014
0.8013
0.6157
0.8203
0.7498
0.8830
0.6869
0.7130
0.6341
0.8895
0.7298
0.6254
0.8150
0.7520
0.6984
0.8261
0.8508
0.6761
0.7603
0.7305
0.6473
0.7801
0.8812
0.6323
0.8700
0.7651
0.7282
0.6457
0.6743
0.7342
0.7598
0.7064
0.8319
0.8645
0.8202
0.7219
0.7813
0.7923
0.6382
0.7489
0.6931
0.7736
0.8831
0.7281
0.6099
0.8788
0.8775
0.7075
0.6780
0.8361
0.7535
0.7688
0.8054
0.6277
0.8618
0.8829
0.6290
0.8538
0.8728
0.6034
0.7571
0.7951
0.7155
0.7948
0.8289
0.7727
0.7896
0.6835
0.8520
0.7281
0.7895
0.8500
0.6811
0.7202
0.7663
0.7332
0.6271
0.8233
0.6098
0.7289
0.6112
0.8927
0.7567
0.8729
0.7150
0.8653
0.6765
0.8727
0.8684
0.7196
0.7875
0.7703
0.8684
0.6642
0.6012
0.8642
0.6705
0.6735
0.7923
0.6914
0.8477
0.8651
0.8836
0.7172
0.8404
0.6471
0.7875
0.8097
0.6258
0.7594
0.8666
0.6791
0.6704
0.8519
0.7487
0.6457
0.6692
0.7974
0.7689
0.6875
0.7867
0.8148
0.6842
0.7237
0.7087
0.8344
0.6406
0.8706
0.6869
0.7499
0.8351
0.8031
0.6449
0.8090
0.6387
0.8838
0.8659
0.7545
0.8038
0.8930
0.6376
0.8257
0.8481
0.8344
0.6573
0.7286
0.6043
0.6976
0.6404
0.7352
0.7717
0.8376
0.7259
0.7598
0.8777
0.8697
0.7635
0.8703
0.6155
0.8426
0.7005
0.6686
0.8467
0.7045
0.6496
0.6084
0.8866
0.8041
0.8582
0.8817
0.8041
0.8752
0.6770
0.8657
0.8760
0.6900
0.6220
0.8302
0.6255
0.8186
0.7344
0.7954
0.6509
0.7594
0.7901
0.6042
0.7411
0.8659
0.6342
0.7328
0.7979
0.6884
0.8851
0.8083
0.6620
0.7664
0.8638
0.7674
0.8257
0.8685
0.8526
0.6393
0.6567
0.6461
0.6087
0.6027
0.7789
0.7827
0.8757
0.8201
0.6903
0.7487
0.6774
0.8199
0.6350
0.8238
0.8429
0.8236
0.7011
0.7753
0.7407
0.6262
0.8486
0.8058
0.6802
0.8908
0.6551
0.6900
0.7234
0.6709
0.6585
0.8116
0.6542
0.7567
0.6889
0.7388
0.8776
0.6648
0.6003
0.8720
0.8040
0.7545
0.7566
0.6309
0.8991
0.7077
0.7876
0.7180
0.6023
0.7636
0.7527
0.6740
0.6136
0.8525
0.6145
0.6949
0.8350
0.8917
0.7759
0.8334
0.8183
0.7953
0.7994
0.8816
0.7605
0.7195
0.8011
0.7322
0.6399
0.7318
0.7643
0.7185
0.7195
0.8254
0.7567
0.7471
0.6266
0.6753
0.7343
0.7914
0.8128
0.8978
0.8797
0.6277
0.8861
0.6488
0.8911
0.7791
0.6721
0.6211
0.6900
0.8441
0.6230
0.7063
0.6396
0.6475
0.6186
0.8106
0.6259
0.7850
0.6521
0.7954
0.7496
0.6854
0.8492
0.8455
0.8815
0.6001
0.7921
0.6022
0.6319
0.6320
0.7101
0.6719
0.7038
0.6749
0.7161
0.7263
0.7920
0.8363
0.6810
0.8532
0.8221
0.8478
0.6547
0.6196
0.7831
0.8105
0.6335
0.6287
0.7794
0.8437
0.8444
0.6268
0.8194
0.8712
0.7357
0.6212
0.6724
0.8196
0.6121
0.7274
0.7621
0.8861
0.6627
0.6349
0.7939
0.6325
0.8950
0.6745
0.7819
0.8450
0.8490
0.7467
0.8282
0.8745
0.8703
0.6643
0.7641
0.8354
0.6583
0.8241
0.7427
0.7750
0.6782
0.6254
0.6894
0.8751
0.7412
0.6808
0.8289
0.8317
0.6064
0.8640
0.8395
0.6972
0.8007
0.6889
0.8790
0.6846
0.6507
0.8235
0.7431
0.7960
0.8900
0.6939
0.6229
0.8374
0.7096
0.7755
0.6550
0.6231
0.6461
0.8481
0.6903
0.7152
0.7952
0.8452
0.8299
0.7123
0.6570
0.7940
0.6011
0.6849
0.7916
0.7776
0.6976
0.8967
0.6370
0.8208
0.6470
0.7304
0.8497
0.7080
0.6229
0.7671
0.6822
0.6396
0.8099
0.7458
0.6548
0.6304
0.6605
0.6404
0.6971
0.8852
0.7596
0.6743
0.7312
0.8007
0.7643
0.7827
0.8589
0.7142
0.8247
0.6470
0.6174
0.7019
0.8452
0.7133
0.8918
0.7816
0.7015
0.8784
0.8695
0.8552
0.6770
0.6856
0.8340
0.8104
0.7478
0.8903
0.7428
0.8985
0.7472
0.7510
0.8306
0.7164
0.7360
0.6399
0.8276
0.7696
0.7946
0.8394
0.6661
0.8574
0.8714
0.6876
0.8178
0.7018
0.6818
0.6511
0.7992
0.7608
0.8487
0.6802
0.6528
0.7294
0.7427
0.8356
0.6392
0.6154
0.7883
0.6087
0.6409
0.8084
0.7547
0.7628
0.8425
0.8381
0.7506
0.6830
0.6359
0.8660
0.8911
0.8828
0.7914
0.6272
0.6224
0.6547
0.6095
0.8175
0.6432
0.7908
0.8370
0.7699
0.7132
0.8465
0.6915
0.6958
0.8355
0.7511
0.6783
0.8197
0.6489
0.8763
0.6667
0.6251
0.6221
0.8309
0.8453
0.8221
0.8275
0.8884
0.7399
0.8361
0.7268
0.8831
0.6004
0.8944
0.7711
0.7039
0.7673
0.6899
0.6477
0.7996
0.8053
0.8377
0.7046
0.6750
0.7035
0.6986
0.8782
0.8268
0.6865
0.7819
0.8298
0.8538
0.8706
0.7787
0.6206
0.6654
0.8608
0.7243
0.7984
0.8350
0.6744
0.7663
0.6689
0.6021
0.8300
0.6065
0.7179
0.6758
0.6613
0.7987
0.8744
0.6021
0.8239
0.8399
0.8723
0.8924
0.6360
0.7557
0.8466
0.7911
0.8862
0.8841
0.8900
0.6202
0.7313
0.6963
0.6402
0.6404
0.8418
0.7574
0.8833
0.8965
0.7230
0.7114
0.6681
0.7338
0.6799
0.7377
0.7299
0.6779
0.6401
0.7258
0.7521
0.6973
0.8054
0.7329
0.7307
0.8379
0.8447
0.8256
0.8368
0.7504
0.7666
0.7892
0.6294
0.6737
0.7847
0.6915
0.8301
0.6802
0.6119
0.6890
0.7669
0.8907
0.8067
0.8154
0.7677
0.7600
0.8627
0.7179
0.7374
0.6625
0.8272
0.7640
0.7072
0.8103
0.6328
0.6020
0.7792
0.7978
0.7740
0.8730
0.7908
0.7577
0.6779
0.6154
0.8196
0.6493
0.6841
0.6778
0.7641
0.7624
0.8364
0.8609
0.8363
0.8908
0.6541
0.8792
0.6135
0.6722
0.6027
0.8015
0.8714
0.7717
0.6466
0.7507
0.7703
0.6565
0.6973
0.8148
0.7659
0.6427
0.7141
0.7190
0.7730
0.6058
0.7733
0.8797
0.6321
0.8196
0.8912
0.7827
0.8159
0.6908
0.7377
0.6144
0.7156
0.7085
0.6863
0.8450
0.7352
0.8420
0.8371
0.6849
0.6205
0.6165
0.7913
0.7273
0.8717
0.7252
0.6462
0.7620
0.8811
0.7983
0.7184
0.6777
0.8544
0.8835
0.7131
0.6202
0.6545
0.7727
0.6558
0.6874
0.7385
0.7041
0.6954
0.7380
0.6708
0.6083
0.7975
0.6476
0.8408
0.7226
0.6982
0.8238
0.8239
0.6522
0.6353
0.6522
0.7882
0.8526
0.7530
0.6497
0.8143
0.8721
0.6656
0.8613
0.6636
0.8510
0.8578
0.7570
0.7432
0.8670
0.6195
0.7528
0.7862
0.8201
0.6690
0.6066
0.6417
0.8309
0.8909
0.7160
0.8980
0.6979
0.6411
0.7154
0.7688
0.7902
0.7625
0.6945
0.6478
0.6458
0.6411
0.8129
0.7395
0.6340
0.8103
0.6540
0.8411
0.7542
0.7645
0.6624
0.8354
0.7579
0.7713
0.7266
0.8163
0.6219
0.7785
0.8586
0.7346
0.7958
0.6910
0.7822
0.6837
0.8399
0.8389
0.8862
0.7333
0.7371
0.7799
0.8528
0.6094
0.6562
0.8831
0.8844
0.7359
0.8432
0.8787
0.8018
0.7117
0.7217
0.7316
0.8036
0.7395
0.8860
0.7064
0.7017
0.8688
0.7636
0.8248
0.6375
0.7360
0.6224
0.7990
0.8111
0.8757
0.7980
0.8070
0.8561
0.7404
0.7375
0.8418
0.8474
0.6571
0.6077
0.6170
0.6429
0.6514
0.7878
0.6089
0.7417
0.8035
0.6344
0.6708
0.6867
0.6518
0.6971
0.8403
0.6899
0.8327
0.7658
0.7664
0.8192
0.8321
0.8703
0.6415
0.8382
0.6568
0.6087
0.6382
0.6401
0.6385
0.8806
0.6820
0.8828
0.7914
0.8618
0.7101
0.6709
0.6562
0.7637
0.6765
0.6917
0.6047
0.7762
0.8888
0.8550
0.6024
0.7902
0.7078
0.6342
0.7622
0.7249
0.7551
0.8658
0.6448
0.7304
0.6177
0.7143
0.8167
0.6285
0.8002
0.6889
0.7796
0.6456
0.7309
0.6038
0.6687
0.6791
0.7534
0.6645
0.7038
0.8243
0.7241
0.6167
0.7170
0.7423
0.8476
0.6911
0.8465
0.7697
0.6163
0.6780
0.7767
0.7439
0.6596
0.6717
0.8341
0.7852
0.6432
0.8148
0.7205
0.7387
0.8122
0.7204
0.6043
0.6224
0.7773
0.7338
0.8780
0.6285
0.7126
0.7638
0.6335
0.8713
0.7900
0.8716
0.7892
0.6043
0.6949
0.6336
0.7888
0.6182
0.8022
0.7432
0.6917
0.7549
0.8121
0.8441
0.6947
0.6934
0.7035
0.7999
0.8583
0.8285
0.8628
0.8614
0.6518
0.8551
0.8879
0.8311
0.8625
0.6202
0.7940
0.6972
0.7921
0.8639
0.7121
0.8300
0.6504
0.7559
0.7882
0.8142
0.6919
0.6791
0.8748
0.7845
0.6280
0.7883
0.6576
0.8331
0.8594
0.7001
0.6406
0.8296
0.6956
0.6757
0.6600
0.6207
0.7656
0.7211
0.8250
0.7462
0.7154
0.6184
0.6641
0.7632
0.7232
0.8703
0.6169
0.7331
0.7613
0.6402
0.7623
0.8572
0.6594
0.6467
0.6184
0.7983
0.6056
0.6873
0.8921
0.8294
0.6731
0.8046
0.6414
0.7889
0.8571
0.8699
0.7045
0.7459
0.8039
0.8112
0.7383
0.7093
0.6841
0.6229
0.7334
0.6497
0.7196
0.8762
0.7534
0.8742
0.6276
0.8979
0.6289
0.6939
0.8356
0.7807
0.7398
0.6894
0.6400
0.6885
0.6500
0.6951
0.6330
0.8496
0.8915
0.6655
0.8118
0.6117
0.7849
0.8008
0.6112
0.6010
0.6427
0.8587
0.6828
0.7595
0.7567
0.7703
0.6999
0.7240
0.7243
0.8952
0.6173
0.7190
0.8374
0.7783
0.6929
0.8705
0.6279
0.6957
0.8661
0.7972
0.8054
0.7422
0.6424
0.8853
0.8648
0.7312
0.8505
0.6975
0.7103
0.8385
0.6298
0.8855
0.6004
0.6886
0.6145
0.7328
0.8370
0.8741
0.7600
0.8412
0.7688
0.8253
0.6028
0.7430
0.6751
0.6924
0.8901
0.6626
0.7561
0.6677
0.7702
0.8994
0.6396
0.8864
0.6372
0.6559
0.7940
0.6385
0.6244
0.7978
0.6082
0.8956
0.7618
0.7122
0.8120
0.8842
0.7147
0.8079
0.7806
0.8326
0.7776
0.7129
0.8552
0.6677
0.8391
0.8991
0.6844
0.8131
0.7994
0.7245
0.7495
0.8847
0.8860
0.8199
0.7154
0.6120
0.7749
0.7694
0.7066
0.8641
0.7874
0.7872
0.6887
0.6224
0.6881
0.6704
0.7038
0.8545
0.6481
0.6474
0.7526
0.7810
0.6484
0.7906
0.8532
0.8347
0.6794
0.6944
0.6550
0.7342
0.6980
0.6839
0.8795
0.7199
0.7138
0.7779
0.6206
0.6616
0.8171
0.7725
0.6601
0.8530
0.7271
0.7634
0.7584
0.6555
0.6245
0.7392
0.6092
0.7305
0.7674
0.7916
0.6103
0.8130
0.6508
0.7780
0.7824
0.8317
0.6169
0.8564
0.7153
0.7199
0.6976
0.7666
0.6886
0.7098
0.7047
0.7891
0.7993
0.8976
0.8833
0.7051
0.6579
0.8759
0.6866
0.7653
0.8758
0.6270
0.6773
0.7281
0.7733
0.8699
0.6655
0.8901
0.7302
0.8354
0.7576
0.6994
0.7295
0.8154
0.8749
0.8670
0.6404
0.6360
0.8680
0.7959
0.6121
0.7514
0.8683
0.7157
0.6876
0.6702
0.6603
0.7141
0.7784
0.6805
0.7867
0.8414
0.6312
0.8188
0.7946
0.7424
0.8799
0.6289
0.7797
0.6701
0.6097
0.7740
0.8527
0.7671
0.8520
0.6615
0.7864
0.6522
0.6869
0.6056
0.8104
0.8856
0.8247
0.8270
0.7626
0.6846
0.6735
0.6859
0.8889
0.6692
0.7612
0.6615
0.7302
0.6427
0.7127
0.8381
0.8438
0.8711
0.7621
0.8454
0.8125
0.6130
0.6438
0.6700
0.6740
0.6511
0.6705
0.6826
0.8855
0.7040
0.6892
0.7213
0.6907
0.8272
0.7079
0.6375
0.7852
0.7067
0.7089
0.6205
0.8601
0.7374
0.6233
0.8715
0.6845
0.7842
0.7986
0.6600
0.8880
0.7995
0.7624
0.8607
0.7671
0.6064
0.7448
0.8424
0.8208
0.7717
0.6027
0.8155
0.7348
0.7979
0.8260
0.8414
0.6087
0.8339
0.7702
0.6228
0.6755
0.6400
0.7693
0.7623
0.6207
0.8965
0.6753
0.6946
0.6902
0.6126
0.7584
0.6768
0.7226
0.8843
0.8758
0.6364
0.7776
0.7079
0.8158
0.7571
0.6783
0.7479
0.8568
0.8173
0.6597
0.6472
0.7111
0.8587
0.8054
0.7903
0.6424
0.6238
0.8628
0.7261
0.7463
0.7381
0.7547
0.6816
0.6695
0.8699
0.8726
0.7811
0.7096
0.7796
0.8005
0.8684
0.6262
0.7617
0.7285
0.7851
0.7677
0.6678
0.6314
0.6030
0.6177
0.6968
0.8338
0.7006
0.7859
0.8979
0.7944
0.7619
0.6697
0.8219
0.8667
0.8579
0.7791
0.7964
0.8745
0.7300
0.6869
0.7896
0.6886
0.7866
0.6143
0.8984
0.6620
0.7822
0.7043
0.8153
0.6084
0.6201
0.8781
0.6263
0.6997
0.7579
0.6740
0.7629
0.8343
0.7566
0.8796
0.6441
0.7250
0.6841
0.7794
0.6109
0.6191
0.6969
0.6295
0.6510
0.7113
0.6119
0.8128
0.7924
0.6522
0.6186
0.7220
0.7389
0.6608
0.8609
0.7794
0.6069
0.8698
0.7359
0.6174
0.6319
0.8995
0.8599
0.7846
0.6081
0.6968
0.7391
0.6297
0.7713
0.6978
0.7351
0.7734
0.6225
0.6172
0.6903
0.7565
0.7686
0.6725
0.8738
0.8477
0.7334
0.8946
0.7735
0.6703
0.8432
0.7354
0.6750
0.8866
0.6428
0.7538
0.8916
0.7945
0.7844
0.7409
0.7733
0.8734
0.7129
0.6686
0.7271
0.6821
0.7334
0.7883
0.7604
0.7156
0.8620
0.6901
0.7200
0.7553
0.6185
0.6694
0.6355
0.6296
0.8671
0.6100
0.8517
0.7522
0.6341
0.7471
0.7798
0.6271
0.8935
0.7959
0.7383
0.8591
0.6788
0.8472
0.6987
0.8824
0.6732
0.8871
0.7532
0.7694
0.8981
0.8313
0.6941
0.6174
0.6132
0.8439
0.7236
0.7152
0.7569
0.8676
0.7218
0.7813
0.6284
0.7008
0.6435
0.6735
0.7137
0.6811
0.6647
0.7901
0.8399
0.6626
0.8689
0.8237
0.7609
0.8910
0.7695
0.6653
0.8573
0.8586
0.6940
0.6981
0.8520
0.7478
0.6156
0.8334
0.7280
0.6840
0.7001
0.7101
0.8384
0.6116
0.8180
0.8618
0.6857
0.7971
0.6696
0.7866
0.6225
0.8900
0.7830
0.7151
0.6092
0.8573
0.7811
0.8544
0.7514
0.6024
0.8757
0.7232
0.8197
0.6453
0.8446
0.8729
0.8334
0.8271
0.7216
0.8106
0.7696
0.7754
0.7035
0.8113
0.6483
0.6005
0.7686
0.7639
0.7652
0.8084
0.8782
0.8833
0.8710
0.7812
0.8779
0.6351
0.7022
0.6110
0.7615
0.8212
0.6544
0.7279
0.6295
0.6910
0.8340
0.7611
0.8307
0.7917
0.8679
0.6182
0.6527
0.7249
0.8219
0.8679
0.6078
0.6413
0.7272
0.8294
0.7573
0.8263
0.6509
0.8018
0.7856
0.6021
0.8221
0.8975
0.6385
0.7082
0.6573
0.8143
0.6534
0.8961
0.6051
0.6119
0.8413
0.8579
0.7699
0.8262
0.7559
0.7758
0.6572
0.7510
0.6153
0.6168
0.7006
0.7893
0.8676
0.8020
0.8056
0.8087
0.8399
0.7982
0.7560
0.6995
0.8803
0.6739
0.7534
0.8221
0.6763
0.8537
0.7614
0.8730
0.7052
0.8806
0.8783
0.7763
0.6305
0.7101
0.6828
0.6798
0.6680
0.6004
0.8679
0.7360
0.7735
0.6947
0.8982
0.8952
0.8894
0.7999
0.8178
0.7002
0.7568
0.6820
0.8155
0.8334
0.6243
0.6665
0.6612
0.7872
0.8176
0.8503
0.6057
0.6606
0.7407
0.7135
0.7021
0.6192
0.8284
0.7208
0.8023
0.7653
0.6154
0.6922
0.8896
0.8794
0.7134
0.7853
0.7688
0.8492
0.8873
0.6227
0.8664
0.7687
0.6583
0.6664
0.8117
0.7790
0.7759
0.8905
0.7745
0.6299
0.6500
0.6306
0.6439
0.8015
0.7920
0.7117
0.6489
0.7169
0.8400
0.7199
0.8265
0.6886
0.7920
0.8655
0.6629
0.7441
0.6339
0.6397
0.6192
0.6238
0.7881
0.7234
0.7916
0.8570
0.8291
0.8928
0.8345
0.8807
0.8217
0.6761
0.8158
0.8081
0.8320
0.8242
0.6955
0.7531
0.8319
0.7718
0.8862
0.6515
0.8722
0.8257
0.6859
0.7882
0.7388
0.6388
0.7648
0.8909
0.7326
0.7773
0.6333
0.6600
0.6489
0.6111
0.6818
0.6690
0.7076
0.6403
0.8996
0.7541
0.7164
0.6750
0.7094
0.7197
0.8779
0.7486
0.7828
0.6014
0.7763
0.8332
0.7972
0.7585
0.8477
0.8887
0.6941
0.8391
0.6856
0.6045
0.6282
0.6986
0.6917
0.6054
0.6487
0.7332
0.8300
0.8044
0.8144
0.7379
0.8758
0.8967
0.8798
0.7385
0.8715
0.7159
0.7809
0.7681
0.8538
0.6854
0.7990
0.7807
0.7969
0.6930
0.6995
0.6565
0.6302
0.6860
0.7064
0.7607
0.8972
0.6085
0.8129
0.8715
0.8597
0.6358
0.8866
0.7323
0.8627
0.8595
0.7065
0.7893
0.8594
0.6063
0.6230
0.7130
0.6448
0.6102
0.8347
0.6982
0.8452
0.6521
0.8028
0.8627
0.8271
0.6689
0.7077
0.7089
0.6802
0.7012
0.6261
0.7355
0.7364
0.6087
0.7911
0.6178
0.6508
0.8054
0.7664
0.6018
0.6864
0.7130
0.6439
0.6224
0.7382
0.7111
0.8474
0.7613
0.8453
0.7381
0.6042
0.6015
0.6499
0.7098
0.8155
0.6478
0.6836
0.7935
0.6862
0.6966
0.6466
0.7163
0.8687
0.8663
0.7181
0.8026
0.6757
0.8850
0.7874
0.6621
0.6329
0.7698
0.6823
0.6213
0.6475
0.6149
0.8043
0.8345
0.8422
0.6795
0.8688
0.7824
0.6043
0.7032
0.7601
0.7883
0.7340
0.8433
0.6434
0.8924
0.8501
0.7020
0.7849
0.6911
0.6268
0.7565
0.8476
0.8292
0.8843
0.7001
0.7169
0.6451
0.7001
0.7661
0.7651
0.6481
0.6351
0.7196
0.8494
0.6555
0.7502
0.6379
0.8594
0.8300
0.7693
0.7169
0.7470
0.8661
0.8715
0.7495
0.7588
0.8729
0.7736
0.8327
0.7984
0.7409
0.6659
0.7808
0.6553
0.6593
0.8586
0.6377
0.7937
0.7312
0.7838
0.8212
0.6910
0.6129
0.8507
0.7108
0.7984
0.8687
0.6822
0.8994
0.8503
0.8374
0.7970
0.7631
0.7160
0.8467
0.7786
0.8345
0.8963
0.8365
0.8559
0.7457
0.8621
0.7002
0.6616
0.7483
0.6094
0.8483
0.6793
0.8032
0.8382
0.8046
0.7952
0.6712
0.7432
0.8809
0.6723
0.6627
0.6817
0.8327
0.6994
0.7809
0.6552
0.6262
0.6927
0.6693
0.8728
0.8811
0.6096
0.7781
0.6131
0.7275
0.7565
0.8521
0.7875
0.6766
0.8714
0.8302
0.7688
0.8691
0.7104
0.7013
0.7857
0.6261
0.7126
0.6562
0.8432
0.8170
0.8024
0.8742
0.8463
0.7646
0.6047
0.6284
0.7544
0.8857
0.8529
0.8805
0.8920
0.7118
0.6963
0.8350
0.6637
0.8877
0.8791
0.7097
0.7035
0.8078
0.8150
0.8401
0.7781
0.6292
0.7679
0.6129
0.8273
0.7979
0.7798
0.6681
0.8141
0.8174
0.7033
0.6098
0.8531
0.8311
0.7529
0.8121
0.8374
0.6992
0.8741
0.7730
0.6864
0.6801
0.8671
0.7098
0.6450
0.8839
0.7953
0.8947
0.6582
0.8486
0.7481
0.7772
0.6135
0.7693
0.7901
0.7494
0.6179
0.7545
0.6160
0.8531
0.7784
0.8073
0.7942
0.7870
0.8862
0.6531
0.7425
0.8527
0.7491
0.8287
0.6540
0.8075
0.8743
0.6488
0.7284
0.6126
0.6677
0.7998
0.8614
0.7034
0.6082
0.8716
0.7413
0.8731
0.6984
0.8073
0.6052
0.7537
0.6995
0.7008
0.8860
0.8252
0.7002
0.7898
0.7247
0.7729
0.8879
0.7848
0.6452
0.8515
0.8178
0.6327
0.6484
0.6891
0.7271
0.7585
0.6825
0.8484
0.8378
0.6821
0.7847
0.6305
0.8010
0.7042
0.8008
0.6886
0.8041
0.7181
0.7175
0.6621
0.8174
0.8458
0.8779
0.7542
0.6579
0.7809
0.6595
0.7231
0.8559
0.7287
0.8777
0.7119
0.8095
0.7766
0.6303
0.7237
0.8774
0.6167
0.7152
0.6722
0.6683
0.7071
0.8772
0.7507
0.8410
0.7051
0.7376
0.8853
0.6399
0.6211
0.8118
0.8795
0.6327
0.7955
0.6438
0.8082
0.7877
0.6131
0.8394
0.8959
0.7310
0.7034
0.6146
0.6676
0.7743
0.7804
0.6758
0.7963
0.6180
0.8822
0.6278
0.7002
0.7953
0.7512
0.7593
0.7137
0.8307
0.6848
0.7948
0.8767
0.6992
0.8440
0.8363
0.6373
0.6472
0.7245
0.8062
0.7973
0.8040
0.6028
0.6386
0.8292
0.8526
0.8241
0.8834
0.8759
0.6669
0.7529
0.8363
0.7567
0.7852
0.7675
0.8193
0.6190
0.7478
0.6690
0.7012
0.7655
0.8231
0.7237
0.7523
0.6387
0.6645
0.6878
0.7350
0.6721
0.6790
0.8675
0.7758
0.8816
0.7854
0.6752
0.6308
0.7639
0.7328
0.8075
0.8278
0.7198
0.7702
0.6617
0.8831
0.7538
0.6829
0.6687
0.8859
0.8068
0.8124
0.7971
0.8337
0.7741
0.7510
0.8636
0.7179
0.6728
0.6845
0.8714
0.8108
0.8559
0.7136
0.7899
0.6095
0.8760
0.7409
0.7560
0.8299
0.7009
0.7878
0.6981
0.6933
0.7938
0.7301
0.6309
0.6708
0.8915
0.8097
0.7978
0.6978
0.6059
0.7711
0.6109
0.6794
0.6572
0.7348
0.8306
0.7884
0.6944
0.6876
0.6235
0.6516
0.8164
0.6268
0.8753
0.7289
0.6239
0.7716
0.8495
0.7042
0.8340
0.8125
0.7773
0.7131
0.7181
0.7285
0.7269
0.6657
0.7490
0.6120
0.7694
0.6147
0.8617
0.8580
0.7015
0.8922
0.8864
0.8966
0.6473
0.6009
0.6745
0.7039
0.6700
0.8268
0.6678
0.7345
0.6778
0.7037
0.8709
0.6038
0.6397
0.7164
0.8522
0.6640
0.8806
0.8909
0.7126
0.8955
0.6366
0.8283
0.7738
0.7863
0.7470
0.6661
0.6432
0.7906
0.8407
0.8009
0.7415
0.8833
0.7774
0.6680
0.8052
0.6962
0.8247
0.8994
0.6809
0.8796
0.8089
0.6286
0.6738
0.8804
0.7439
0.8648
0.8338
0.6055
0.8312
0.8057
0.8603
0.7742
0.7878
0.6333
0.6641
0.6109
0.7334
0.6980
