1542550
2914
47503
37270
34916
33516
51475
20481
61504
11483
24105
6745
45883
6649
9349
11019
36219
35268
41696
32275
9690
38971
137
34923
27542
4789
48274
9049
10093
4719
7661
54011
10239
53732
11293
9488
65120
18079
52557
13608
21173
11394
27207
61841
15698
44774
64050
7172
50367
42313
20237
62356
17688
58136
33710
33985
58882
26259
33060
4584
10925
4053
42017
53358
31786
53045
3729
23897
50117
64575
51827
40171
26617
39444
45446
51717
42160
57688
51099
29753
39518
24173
48254
34639
54510
57948
13700
28251
39610
63647
15908
25090
1537
36554
23531
50844
25405
10347
17416
44932
19387
